20 20 80 0
M 17.0 4.0 5 4 0.0
G 13.0 1.0 0 0 60.0
B 3.0 2.0 99 0 20.0
B 15.0 11.0 99 0 20.0
A 13.0 2.0 4 4 100.0
U 10.0 11.0 0 0 20.0
T 13.0 6.0 2 1 100.0
W 6.0 16.0 9 5 100.0
U 16.0 17.0 0 0 20.0
O 7.0 9.0 10 0 5.0
U 7.0 18.0 0 0 20.0
O 9.0 2.0 10 0 5.0
A 5.0 16.0 4 4 100.0
W 11.0 9.0 9 5 100.0
O 19.0 19.0 10 0 5.0
O 3.0 7.0 10 0 5.0
G 1.0 14.0 0 0 60.0
U 6.0 8.0 0 0 20.0
B 19.0 6.0 99 0 20.0
S 7.0 3.0 4 4 100.0
A 17.0 7.0 4 4 100.0
W 6.0 11.0 9 5 100.0
A 17.0 6.0 4 4 100.0
U 0.0 9.0 0 0 20.0
U 15.0 3.0 0 0 20.0
S 11.0 1.0 4 4 100.0
N 17.0 14.0 0 0 20.0
T 13.0 9.0 2 1 100.0
U 10.0 19.0 0 0 20.0
N 11.0 17.0 0 0 20.0
N 4.0 6.0 0 0 20.0
G 17.0 2.0 0 0 60.0
W 18.0 10.0 9 5 100.0
G 3.0 4.0 0 0 60.0
A 4.0 2.0 4 4 100.0
G 1.0 6.0 0 0 60.0
S 11.0 14.0 4 4 100.0
N 16.0 14.0 0 0 20.0
G 16.0 9.0 0 0 60.0
N 13.0 19.0 0 0 20.0
N 8.0 6.0 0 0 20.0
B 4.0 5.0 99 0 20.0
F 10.0 5.0 3 7 100.0
B 2.0 16.0 99 0 20.0
T 18.0 1.0 2 1 100.0
S 8.0 9.0 4 4 100.0
F 0.0 10.0 3 7 100.0
O 1.0 19.0 10 0 5.0
N 0.0 1.0 0 0 20.0
U 6.0 4.0 0 0 20.0
W 19.0 1.0 9 5 100.0
B 11.0 13.0 99 0 20.0
A 12.0 1.0 4 4 100.0
S 5.0 18.0 4 4 100.0
U 1.0 1.0 0 0 20.0
T 0.0 11.0 2 1 100.0
T 16.0 16.0 2 1 100.0
W 8.0 0.0 9 5 100.0
B 18.0 0.0 99 0 20.0
W 15.0 5.0 9 5 100.0
G 12.0 10.0 0 0 60.0
F 0.0 6.0 3 7 100.0
T 10.0 8.0 2 1 100.0
N 8.0 5.0 0 0 20.0
T 19.0 0.0 2 1 100.0
A 9.0 7.0 4 4 100.0
O 8.0 19.0 10 0 5.0
B 2.0 7.0 99 0 20.0
N 13.0 3.0 0 0 20.0
T 1.0 17.0 2 1 100.0
F 6.0 0.0 3 7 100.0
G 8.0 1.0 0 0 60.0
B 12.0 16.0 99 0 20.0
O 8.0 18.0 10 0 5.0
T 5.0 19.0 2 1 100.0
B 19.0 2.0 99 0 20.0
U 5.0 4.0 0 0 20.0
O 19.0 14.0 10 0 5.0
U 3.0 5.0 0 0 20.0
T 13.0 5.0 2 1 100.0
